@END: 1000000000
@OVERHEAD: 0
@START: 0
@STEP: 5000000
@SUB: 2
@TIMER: 1

@end_to_end_avg: 792454011

@end_to_end_hist: 
[515000000, 520000000)       1 |@@@                                                 |
[520000000, 525000000)       0 |                                                    |
[525000000, 530000000)       0 |                                                    |
[530000000, 535000000)       0 |                                                    |
[535000000, 540000000)       0 |                                                    |
[540000000, 545000000)       0 |                                                    |
[545000000, 550000000)       0 |                                                    |
[550000000, 555000000)       0 |                                                    |
[555000000, 546875K)       0 |                                                    |
[546875K, 565000000)       0 |                                                    |
[565000000, 570000000)       0 |                                                    |
[570000000, 575000000)       0 |                                                    |
[575000000, 580000000)       0 |                                                    |
[580000000, 585000000)       0 |                                                    |
[585000000, 590000000)       0 |                                                    |
[590000000, 595000000)       0 |                                                    |
[595000000, 600000000)       0 |                                                    |
[600000000, 605000000)       0 |                                                    |
[605000000, 610000000)       0 |                                                    |
[610000000, 615000000)       0 |                                                    |
[615000000, 620000000)       0 |                                                    |
[620000000, 625000000)       0 |                                                    |
[625000000, 630000000)       0 |                                                    |
[630000000, 635000000)       0 |                                                    |
[635000000, 625000K)       0 |                                                    |
[625000K, 645000000)       0 |                                                    |
[645000000, 650000000)       0 |                                                    |
[650000000, 655000000)       0 |                                                    |
[655000000, 660000000)       0 |                                                    |
[660000000, 665000000)       0 |                                                    |
[665000000, 670000000)       0 |                                                    |
[670000000, 675000000)       0 |                                                    |
[675000000, 680000000)       0 |                                                    |
[680000000, 685000000)       0 |                                                    |
[685000000, 690000000)       1 |@@@                                                 |
[690000000, 695000000)       0 |                                                    |
[695000000, 700000000)       1 |@@@                                                 |
[700000000, 705000000)       2 |@@@@@@                                              |
[705000000, 710000000)       0 |                                                    |
[710000000, 715000000)       1 |@@@                                                 |
[715000000, 703125K)       4 |@@@@@@@@@@@@                                        |
[703125K, 725000000)       4 |@@@@@@@@@@@@                                        |
[725000000, 730000000)       2 |@@@@@@                                              |
[730000000, 735000000)       7 |@@@@@@@@@@@@@@@@@@@@@                               |
[735000000, 740000000)       6 |@@@@@@@@@@@@@@@@@@                                  |
[740000000, 745000000)      17 |@@@@@@@@@@@@@@@@@@@@@@@@@@@@@@@@@@@@@@@@@@@@@@@@@@@@|
[745000000, 750000000)      10 |@@@@@@@@@@@@@@@@@@@@@@@@@@@@@@                      |
[750000000, 755000000)      11 |@@@@@@@@@@@@@@@@@@@@@@@@@@@@@@@@@                   |
[755000000, 760000000)       9 |@@@@@@@@@@@@@@@@@@@@@@@@@@@                         |
[760000000, 765000000)      12 |@@@@@@@@@@@@@@@@@@@@@@@@@@@@@@@@@@@@                |
[765000000, 770000000)       7 |@@@@@@@@@@@@@@@@@@@@@                               |
[770000000, 775000000)      12 |@@@@@@@@@@@@@@@@@@@@@@@@@@@@@@@@@@@@                |
[775000000, 780000000)      14 |@@@@@@@@@@@@@@@@@@@@@@@@@@@@@@@@@@@@@@@@@@          |
[780000000, 785000000)      13 |@@@@@@@@@@@@@@@@@@@@@@@@@@@@@@@@@@@@@@@             |
[785000000, 790000000)      12 |@@@@@@@@@@@@@@@@@@@@@@@@@@@@@@@@@@@@                |
[790000000, 795000000)      17 |@@@@@@@@@@@@@@@@@@@@@@@@@@@@@@@@@@@@@@@@@@@@@@@@@@@@|
[795000000, 781250K)      13 |@@@@@@@@@@@@@@@@@@@@@@@@@@@@@@@@@@@@@@@             |
[781250K, 805000000)      11 |@@@@@@@@@@@@@@@@@@@@@@@@@@@@@@@@@                   |
[805000000, 810000000)       8 |@@@@@@@@@@@@@@@@@@@@@@@@                            |
[810000000, 815000000)      10 |@@@@@@@@@@@@@@@@@@@@@@@@@@@@@@                      |
[815000000, 820000000)       7 |@@@@@@@@@@@@@@@@@@@@@                               |
[820000000, 825000000)      13 |@@@@@@@@@@@@@@@@@@@@@@@@@@@@@@@@@@@@@@@             |
[825000000, 830000000)      11 |@@@@@@@@@@@@@@@@@@@@@@@@@@@@@@@@@                   |
[830000000, 835000000)       7 |@@@@@@@@@@@@@@@@@@@@@                               |
[835000000, 840000000)       8 |@@@@@@@@@@@@@@@@@@@@@@@@                            |
[840000000, 845000000)       7 |@@@@@@@@@@@@@@@@@@@@@                               |
[845000000, 850000000)       7 |@@@@@@@@@@@@@@@@@@@@@                               |
[850000000, 855000000)      12 |@@@@@@@@@@@@@@@@@@@@@@@@@@@@@@@@@@@@                |
[855000000, 860000000)       7 |@@@@@@@@@@@@@@@@@@@@@                               |
[860000000, 865000000)       6 |@@@@@@@@@@@@@@@@@@                                  |
[865000000, 870000000)       0 |                                                    |
[870000000, 875000000)       4 |@@@@@@@@@@@@                                        |
[875000000, 859375K)       0 |                                                    |
[859375K, 885000000)       1 |@@@                                                 |
[885000000, 890000000)       0 |                                                    |
[890000000, 895000000)       2 |@@@@@@                                              |
[895000000, 900000000)       1 |@@@                                                 |
[900000000, 905000000)       0 |                                                    |
[905000000, 910000000)       0 |                                                    |
[910000000, 915000000)       0 |                                                    |
[915000000, 920000000)       0 |                                                    |
[920000000, 925000000)       1 |@@@                                                 |
[925000000, 930000000)       0 |                                                    |
[930000000, 935000000)       0 |                                                    |
[935000000, 940000000)       0 |                                                    |
[940000000, 945000000)       0 |                                                    |
[945000000, 950000000)       0 |                                                    |
[950000000, 955000000)       1 |@@@                                                 |

@end_to_end_max: 952983233
@end_to_end_min: 517720603



@state[1747]: 0
@state[1746]: 0
@state[1749]: 0
@state[1748]: 0
@sub_avg[1749, many_subs_per_n]: 20009
@sub_avg[1746, many_subs_per_n]: 20011
@sub_avg[1747, many_subs_per_n]: 20059
@sub_avg[1748, many_subs_per_n]: 20061

@sub_count: 1228201


@time_in_state[2]: 10130
@time_in_state[1]: 62392
@time_in_state[0]: 624598242
@time_in_state_by_thread[1748, 1]: 3794970
@time_in_state_by_thread[1746, 1]: 4696618
@time_in_state_by_thread[1749, 1]: 4971726
@time_in_state_by_thread[1747, 1]: 5345262
@time_in_state_by_thread[1625, 0]: 23089370235309
@time_in_state_by_thread[1632, 0]: 23089829669139
@time_in_state_by_thread[1633, 0]: 23089829717131
@time_in_state_by_thread[1628, 0]: 23089832961758
@time_in_state_by_thread[1631, 0]: 917953724967473
@time_in_state_by_thread[1627, 0]: 941035153232806
@time_in_state_by_thread[1630, 0]: 193202290339922598
@time_in_state_by_thread[1747, 2]: 250985135337064409
@time_in_state_by_thread[1749, 2]: 251612953713268046
@time_in_state_by_thread[1748, 2]: 255334891881237970
@time_in_state_by_thread[1746, 2]: 255882391570684561
@time_in_state_by_thread[1624, 0]: 288573880232186646
@time_in_state_by_thread[1634, 0]: 290167368054206034
@time_in_state_by_thread[1626, 0]: 295062358355856742
@time_in_state_by_thread[1747, 0]: 7141348587059473068
@time_in_state_by_thread[1749, 0]: 7143551706779286003
@time_in_state_by_thread[1748, 0]: 7146017984240618438
@time_in_state_by_thread[1746, 0]: 7147287021234609230
@time_per_state_avg[1]: 62898
@time_per_state_avg[2]: 77418683
@time_per_state_avg[0]: 833619231

@time_per_state_hist[0]: 
[725000000, 730000000)       1 |@@@                                                 |
[730000000, 735000000)       0 |                                                    |
[735000000, 740000000)       2 |@@@@@@                                              |
[740000000, 745000000)       1 |@@@                                                 |
[745000000, 750000000)       0 |                                                    |
[750000000, 755000000)       1 |@@@                                                 |
[755000000, 760000000)       5 |@@@@@@@@@@@@@@@@                                    |
[760000000, 765000000)       3 |@@@@@@@@@                                           |
[765000000, 770000000)       3 |@@@@@@@@@                                           |
[770000000, 775000000)       6 |@@@@@@@@@@@@@@@@@@@                                 |
[775000000, 780000000)      11 |@@@@@@@@@@@@@@@@@@@@@@@@@@@@@@@@@@@                 |
[780000000, 785000000)      10 |@@@@@@@@@@@@@@@@@@@@@@@@@@@@@@@@                    |
[785000000, 790000000)      14 |@@@@@@@@@@@@@@@@@@@@@@@@@@@@@@@@@@@@@@@@@@@@@       |
[790000000, 795000000)       9 |@@@@@@@@@@@@@@@@@@@@@@@@@@@@@                       |
[795000000, 781250K)      13 |@@@@@@@@@@@@@@@@@@@@@@@@@@@@@@@@@@@@@@@@@@          |
[781250K, 805000000)       7 |@@@@@@@@@@@@@@@@@@@@@@                              |
[805000000, 810000000)       7 |@@@@@@@@@@@@@@@@@@@@@@                              |
[810000000, 815000000)      11 |@@@@@@@@@@@@@@@@@@@@@@@@@@@@@@@@@@@                 |
[815000000, 820000000)      15 |@@@@@@@@@@@@@@@@@@@@@@@@@@@@@@@@@@@@@@@@@@@@@@@@    |
[820000000, 825000000)      12 |@@@@@@@@@@@@@@@@@@@@@@@@@@@@@@@@@@@@@@@             |
[825000000, 830000000)      14 |@@@@@@@@@@@@@@@@@@@@@@@@@@@@@@@@@@@@@@@@@@@@@       |
[830000000, 835000000)      16 |@@@@@@@@@@@@@@@@@@@@@@@@@@@@@@@@@@@@@@@@@@@@@@@@@@@@|
[835000000, 840000000)      11 |@@@@@@@@@@@@@@@@@@@@@@@@@@@@@@@@@@@                 |
[840000000, 845000000)      15 |@@@@@@@@@@@@@@@@@@@@@@@@@@@@@@@@@@@@@@@@@@@@@@@@    |
[845000000, 850000000)       9 |@@@@@@@@@@@@@@@@@@@@@@@@@@@@@                       |
[850000000, 855000000)       9 |@@@@@@@@@@@@@@@@@@@@@@@@@@@@@                       |
[855000000, 860000000)       9 |@@@@@@@@@@@@@@@@@@@@@@@@@@@@@                       |
[860000000, 865000000)      14 |@@@@@@@@@@@@@@@@@@@@@@@@@@@@@@@@@@@@@@@@@@@@@       |
[865000000, 870000000)       8 |@@@@@@@@@@@@@@@@@@@@@@@@@@                          |
[870000000, 875000000)       5 |@@@@@@@@@@@@@@@@                                    |
[875000000, 859375K)       9 |@@@@@@@@@@@@@@@@@@@@@@@@@@@@@                       |
[859375K, 885000000)       7 |@@@@@@@@@@@@@@@@@@@@@@                              |
[885000000, 890000000)       7 |@@@@@@@@@@@@@@@@@@@@@@                              |
[890000000, 895000000)      11 |@@@@@@@@@@@@@@@@@@@@@@@@@@@@@@@@@@@                 |
[895000000, 900000000)       8 |@@@@@@@@@@@@@@@@@@@@@@@@@@                          |
[900000000, 905000000)       6 |@@@@@@@@@@@@@@@@@@@                                 |
[905000000, 910000000)       1 |@@@                                                 |
[910000000, 915000000)       2 |@@@@@@                                              |
[915000000, 920000000)       2 |@@@@@@                                              |
[920000000, 925000000)       0 |                                                    |
[925000000, 930000000)       0 |                                                    |
[930000000, 935000000)       3 |@@@@@@@@@                                           |
[935000000, 940000000)       0 |                                                    |
[940000000, 945000000)       0 |                                                    |
[945000000, 950000000)       0 |                                                    |
[950000000, 955000000)       0 |                                                    |
[955000000, 937500K)       1 |@@@                                                 |
[937500K, 965000000)       1 |@@@                                                 |
[965000000, 970000000)       0 |                                                    |
[970000000, 975000000)       0 |                                                    |
[975000000, 980000000)       0 |                                                    |
[980000000, 985000000)       0 |                                                    |
[985000000, 990000000)       0 |                                                    |
[990000000, 995000000)       1 |@@@                                                 |

@time_per_state_max[1]: 96413
@time_per_state_max[2]: 89082072
@time_per_state_max[0]: 993897546
@time_per_state_min[1]: 41501
@time_per_state_min[2]: 36698418
@time_per_state_min[0]: 725905873
@timer_avg[1746, many_subs_per_n]: 63945
@timer_avg[1749, many_subs_per_n]: 64329
@timer_avg[1747, many_subs_per_n]: 65001
@timer_avg[1748, many_subs_per_n]: 65468

@timer_count: 301
